{
 "cells": [
  {
   "cell_type": "code",
   "execution_count": 3,
   "metadata": {},
   "outputs": [
    {
     "data": {
      "text/html": [
       "<div>\n",
       "<style scoped>\n",
       "    .dataframe tbody tr th:only-of-type {\n",
       "        vertical-align: middle;\n",
       "    }\n",
       "\n",
       "    .dataframe tbody tr th {\n",
       "        vertical-align: top;\n",
       "    }\n",
       "\n",
       "    .dataframe thead th {\n",
       "        text-align: right;\n",
       "    }\n",
       "</style>\n",
       "<table border=\"1\" class=\"dataframe\">\n",
       "  <thead>\n",
       "    <tr style=\"text-align: right;\">\n",
       "      <th></th>\n",
       "      <th>A</th>\n",
       "      <th>B</th>\n",
       "      <th>C</th>\n",
       "      <th>D</th>\n",
       "      <th>E</th>\n",
       "    </tr>\n",
       "  </thead>\n",
       "  <tbody>\n",
       "    <tr>\n",
       "      <th>0</th>\n",
       "      <td>0.997043</td>\n",
       "      <td>0.823507</td>\n",
       "      <td>0.553260</td>\n",
       "      <td>0.075447</td>\n",
       "      <td>0.126400</td>\n",
       "    </tr>\n",
       "    <tr>\n",
       "      <th>1</th>\n",
       "      <td>0.558628</td>\n",
       "      <td>0.116144</td>\n",
       "      <td>0.048894</td>\n",
       "      <td>0.968825</td>\n",
       "      <td>0.310543</td>\n",
       "    </tr>\n",
       "    <tr>\n",
       "      <th>2</th>\n",
       "      <td>0.440404</td>\n",
       "      <td>0.067424</td>\n",
       "      <td>0.398326</td>\n",
       "      <td>0.825607</td>\n",
       "      <td>0.614426</td>\n",
       "    </tr>\n",
       "    <tr>\n",
       "      <th>3</th>\n",
       "      <td>0.757881</td>\n",
       "      <td>0.161373</td>\n",
       "      <td>0.422406</td>\n",
       "      <td>0.274867</td>\n",
       "      <td>0.172023</td>\n",
       "    </tr>\n",
       "    <tr>\n",
       "      <th>4</th>\n",
       "      <td>0.963389</td>\n",
       "      <td>0.477802</td>\n",
       "      <td>0.008558</td>\n",
       "      <td>0.248631</td>\n",
       "      <td>0.636502</td>\n",
       "    </tr>\n",
       "    <tr>\n",
       "      <th>5</th>\n",
       "      <td>0.946597</td>\n",
       "      <td>0.119000</td>\n",
       "      <td>0.740438</td>\n",
       "      <td>0.033115</td>\n",
       "      <td>0.408626</td>\n",
       "    </tr>\n",
       "    <tr>\n",
       "      <th>6</th>\n",
       "      <td>0.193826</td>\n",
       "      <td>0.694473</td>\n",
       "      <td>0.767379</td>\n",
       "      <td>0.441574</td>\n",
       "      <td>0.283745</td>\n",
       "    </tr>\n",
       "    <tr>\n",
       "      <th>7</th>\n",
       "      <td>0.062850</td>\n",
       "      <td>0.347656</td>\n",
       "      <td>0.993233</td>\n",
       "      <td>0.512158</td>\n",
       "      <td>0.917486</td>\n",
       "    </tr>\n",
       "    <tr>\n",
       "      <th>8</th>\n",
       "      <td>0.488286</td>\n",
       "      <td>0.457339</td>\n",
       "      <td>0.708659</td>\n",
       "      <td>0.466970</td>\n",
       "      <td>0.679316</td>\n",
       "    </tr>\n",
       "    <tr>\n",
       "      <th>9</th>\n",
       "      <td>0.023129</td>\n",
       "      <td>0.225148</td>\n",
       "      <td>0.644057</td>\n",
       "      <td>0.324422</td>\n",
       "      <td>0.649956</td>\n",
       "    </tr>\n",
       "  </tbody>\n",
       "</table>\n",
       "</div>"
      ],
      "text/plain": [
       "          A         B         C         D         E\n",
       "0  0.997043  0.823507  0.553260  0.075447  0.126400\n",
       "1  0.558628  0.116144  0.048894  0.968825  0.310543\n",
       "2  0.440404  0.067424  0.398326  0.825607  0.614426\n",
       "3  0.757881  0.161373  0.422406  0.274867  0.172023\n",
       "4  0.963389  0.477802  0.008558  0.248631  0.636502\n",
       "5  0.946597  0.119000  0.740438  0.033115  0.408626\n",
       "6  0.193826  0.694473  0.767379  0.441574  0.283745\n",
       "7  0.062850  0.347656  0.993233  0.512158  0.917486\n",
       "8  0.488286  0.457339  0.708659  0.466970  0.679316\n",
       "9  0.023129  0.225148  0.644057  0.324422  0.649956"
      ]
     },
     "execution_count": 3,
     "metadata": {},
     "output_type": "execute_result"
    }
   ],
   "source": [
    "df = pd.DataFrame(np.random.rand(10,5),columns=list('ABCDE'))\n",
    "df"
   ]
  },
  {
   "cell_type": "code",
   "execution_count": 4,
   "metadata": {},
   "outputs": [
    {
     "data": {
      "text/html": [
       "<div>\n",
       "<style scoped>\n",
       "    .dataframe tbody tr th:only-of-type {\n",
       "        vertical-align: middle;\n",
       "    }\n",
       "\n",
       "    .dataframe tbody tr th {\n",
       "        vertical-align: top;\n",
       "    }\n",
       "\n",
       "    .dataframe thead th {\n",
       "        text-align: right;\n",
       "    }\n",
       "</style>\n",
       "<table border=\"1\" class=\"dataframe\">\n",
       "  <thead>\n",
       "    <tr style=\"text-align: right;\">\n",
       "      <th></th>\n",
       "      <th>A</th>\n",
       "      <th>C</th>\n",
       "      <th>D</th>\n",
       "      <th>E</th>\n",
       "    </tr>\n",
       "    <tr>\n",
       "      <th>B</th>\n",
       "      <th></th>\n",
       "      <th></th>\n",
       "      <th></th>\n",
       "      <th></th>\n",
       "    </tr>\n",
       "  </thead>\n",
       "  <tbody>\n",
       "    <tr>\n",
       "      <th>0.823507</th>\n",
       "      <td>0.997043</td>\n",
       "      <td>0.553260</td>\n",
       "      <td>0.075447</td>\n",
       "      <td>0.126400</td>\n",
       "    </tr>\n",
       "    <tr>\n",
       "      <th>0.116144</th>\n",
       "      <td>0.558628</td>\n",
       "      <td>0.048894</td>\n",
       "      <td>0.968825</td>\n",
       "      <td>0.310543</td>\n",
       "    </tr>\n",
       "    <tr>\n",
       "      <th>0.067424</th>\n",
       "      <td>0.440404</td>\n",
       "      <td>0.398326</td>\n",
       "      <td>0.825607</td>\n",
       "      <td>0.614426</td>\n",
       "    </tr>\n",
       "    <tr>\n",
       "      <th>0.161373</th>\n",
       "      <td>0.757881</td>\n",
       "      <td>0.422406</td>\n",
       "      <td>0.274867</td>\n",
       "      <td>0.172023</td>\n",
       "    </tr>\n",
       "    <tr>\n",
       "      <th>0.477802</th>\n",
       "      <td>0.963389</td>\n",
       "      <td>0.008558</td>\n",
       "      <td>0.248631</td>\n",
       "      <td>0.636502</td>\n",
       "    </tr>\n",
       "    <tr>\n",
       "      <th>0.119000</th>\n",
       "      <td>0.946597</td>\n",
       "      <td>0.740438</td>\n",
       "      <td>0.033115</td>\n",
       "      <td>0.408626</td>\n",
       "    </tr>\n",
       "    <tr>\n",
       "      <th>0.694473</th>\n",
       "      <td>0.193826</td>\n",
       "      <td>0.767379</td>\n",
       "      <td>0.441574</td>\n",
       "      <td>0.283745</td>\n",
       "    </tr>\n",
       "    <tr>\n",
       "      <th>0.347656</th>\n",
       "      <td>0.062850</td>\n",
       "      <td>0.993233</td>\n",
       "      <td>0.512158</td>\n",
       "      <td>0.917486</td>\n",
       "    </tr>\n",
       "    <tr>\n",
       "      <th>0.457339</th>\n",
       "      <td>0.488286</td>\n",
       "      <td>0.708659</td>\n",
       "      <td>0.466970</td>\n",
       "      <td>0.679316</td>\n",
       "    </tr>\n",
       "    <tr>\n",
       "      <th>0.225148</th>\n",
       "      <td>0.023129</td>\n",
       "      <td>0.644057</td>\n",
       "      <td>0.324422</td>\n",
       "      <td>0.649956</td>\n",
       "    </tr>\n",
       "  </tbody>\n",
       "</table>\n",
       "</div>"
      ],
      "text/plain": [
       "                 A         C         D         E\n",
       "B                                               \n",
       "0.823507  0.997043  0.553260  0.075447  0.126400\n",
       "0.116144  0.558628  0.048894  0.968825  0.310543\n",
       "0.067424  0.440404  0.398326  0.825607  0.614426\n",
       "0.161373  0.757881  0.422406  0.274867  0.172023\n",
       "0.477802  0.963389  0.008558  0.248631  0.636502\n",
       "0.119000  0.946597  0.740438  0.033115  0.408626\n",
       "0.694473  0.193826  0.767379  0.441574  0.283745\n",
       "0.347656  0.062850  0.993233  0.512158  0.917486\n",
       "0.457339  0.488286  0.708659  0.466970  0.679316\n",
       "0.225148  0.023129  0.644057  0.324422  0.649956"
      ]
     },
     "execution_count": 4,
     "metadata": {},
     "output_type": "execute_result"
    }
   ],
   "source": [
    "df.set_index('B')"
   ]
  },
  {
   "cell_type": "code",
   "execution_count": null,
   "metadata": {
    "collapsed": true
   },
   "outputs": [],
   "source": []
  }
 ],
 "metadata": {
  "kernelspec": {
   "display_name": "Python 3",
   "language": "python",
   "name": "python3"
  },
  "language_info": {
   "codemirror_mode": {
    "name": "ipython",
    "version": 3
   },
   "file_extension": ".py",
   "mimetype": "text/x-python",
   "name": "python",
   "nbconvert_exporter": "python",
   "pygments_lexer": "ipython3",
   "version": "3.6.1"
  },
  "toc": {
   "nav_menu": {},
   "number_sections": true,
   "sideBar": true,
   "skip_h1_title": false,
   "toc_cell": false,
   "toc_position": {},
   "toc_section_display": "block",
   "toc_window_display": false
  }
 },
 "nbformat": 4,
 "nbformat_minor": 2
}
