{
 "cells": [
  {
   "cell_type": "markdown",
   "metadata": {},
   "source": [
    "# 自行车租赁回归分析（练习）\n",
    "\n",
    "+ 参考资料：https://blog.csdn.net/Caesar1993_Wang/article/details/80310491?utm_source=blogxgwz22"
   ]
  },
  {
   "cell_type": "markdown",
   "metadata": {},
   "source": [
    "## 导入并理解数据"
   ]
  },
  {
   "cell_type": "code",
   "execution_count": 1,
   "metadata": {},
   "outputs": [],
   "source": [
    "import pandas as pd\n",
    "\n",
    "train_data = pd.read_csv('./input/train.csv')\n",
    "test_data = pd.read_csv('./input/test.csv')"
   ]
  },
  {
   "cell_type": "code",
   "execution_count": 2,
   "metadata": {},
   "outputs": [
    {
     "data": {
      "text/plain": [
       "(10886, 12)"
      ]
     },
     "execution_count": 2,
     "metadata": {},
     "output_type": "execute_result"
    }
   ],
   "source": [
    "# 只有前面 9 个是特征\n",
    "train_data.shape"
   ]
  },
  {
   "cell_type": "markdown",
   "metadata": {},
   "source": [
    "\n",
    "\n",
    "\n",
    "+ casual - number of non-registered user rentals initiated，未注册用户租借数量\n",
    "+ registered - number of registered user rentals initiated，注册用户租借数量\n",
    "+ count - number of total rentals：总租借数量"
   ]
  },
  {
   "cell_type": "code",
   "execution_count": 3,
   "metadata": {},
   "outputs": [
    {
     "data": {
      "text/html": [
       "<div>\n",
       "<style scoped>\n",
       "    .dataframe tbody tr th:only-of-type {\n",
       "        vertical-align: middle;\n",
       "    }\n",
       "\n",
       "    .dataframe tbody tr th {\n",
       "        vertical-align: top;\n",
       "    }\n",
       "\n",
       "    .dataframe thead th {\n",
       "        text-align: right;\n",
       "    }\n",
       "</style>\n",
       "<table border=\"1\" class=\"dataframe\">\n",
       "  <thead>\n",
       "    <tr style=\"text-align: right;\">\n",
       "      <th></th>\n",
       "      <th>datetime</th>\n",
       "      <th>season</th>\n",
       "      <th>holiday</th>\n",
       "      <th>workingday</th>\n",
       "      <th>weather</th>\n",
       "      <th>temp</th>\n",
       "      <th>atemp</th>\n",
       "      <th>humidity</th>\n",
       "      <th>windspeed</th>\n",
       "      <th>casual</th>\n",
       "      <th>registered</th>\n",
       "      <th>count</th>\n",
       "    </tr>\n",
       "  </thead>\n",
       "  <tbody>\n",
       "    <tr>\n",
       "      <th>0</th>\n",
       "      <td>2011-01-01 00:00:00</td>\n",
       "      <td>1</td>\n",
       "      <td>0</td>\n",
       "      <td>0</td>\n",
       "      <td>1</td>\n",
       "      <td>9.84</td>\n",
       "      <td>14.395</td>\n",
       "      <td>81</td>\n",
       "      <td>0.0</td>\n",
       "      <td>3</td>\n",
       "      <td>13</td>\n",
       "      <td>16</td>\n",
       "    </tr>\n",
       "    <tr>\n",
       "      <th>1</th>\n",
       "      <td>2011-01-01 01:00:00</td>\n",
       "      <td>1</td>\n",
       "      <td>0</td>\n",
       "      <td>0</td>\n",
       "      <td>1</td>\n",
       "      <td>9.02</td>\n",
       "      <td>13.635</td>\n",
       "      <td>80</td>\n",
       "      <td>0.0</td>\n",
       "      <td>8</td>\n",
       "      <td>32</td>\n",
       "      <td>40</td>\n",
       "    </tr>\n",
       "    <tr>\n",
       "      <th>2</th>\n",
       "      <td>2011-01-01 02:00:00</td>\n",
       "      <td>1</td>\n",
       "      <td>0</td>\n",
       "      <td>0</td>\n",
       "      <td>1</td>\n",
       "      <td>9.02</td>\n",
       "      <td>13.635</td>\n",
       "      <td>80</td>\n",
       "      <td>0.0</td>\n",
       "      <td>5</td>\n",
       "      <td>27</td>\n",
       "      <td>32</td>\n",
       "    </tr>\n",
       "    <tr>\n",
       "      <th>3</th>\n",
       "      <td>2011-01-01 03:00:00</td>\n",
       "      <td>1</td>\n",
       "      <td>0</td>\n",
       "      <td>0</td>\n",
       "      <td>1</td>\n",
       "      <td>9.84</td>\n",
       "      <td>14.395</td>\n",
       "      <td>75</td>\n",
       "      <td>0.0</td>\n",
       "      <td>3</td>\n",
       "      <td>10</td>\n",
       "      <td>13</td>\n",
       "    </tr>\n",
       "    <tr>\n",
       "      <th>4</th>\n",
       "      <td>2011-01-01 04:00:00</td>\n",
       "      <td>1</td>\n",
       "      <td>0</td>\n",
       "      <td>0</td>\n",
       "      <td>1</td>\n",
       "      <td>9.84</td>\n",
       "      <td>14.395</td>\n",
       "      <td>75</td>\n",
       "      <td>0.0</td>\n",
       "      <td>0</td>\n",
       "      <td>1</td>\n",
       "      <td>1</td>\n",
       "    </tr>\n",
       "  </tbody>\n",
       "</table>\n",
       "</div>"
      ],
      "text/plain": [
       "              datetime  season  holiday  workingday  weather  temp   atemp  \\\n",
       "0  2011-01-01 00:00:00       1        0           0        1  9.84  14.395   \n",
       "1  2011-01-01 01:00:00       1        0           0        1  9.02  13.635   \n",
       "2  2011-01-01 02:00:00       1        0           0        1  9.02  13.635   \n",
       "3  2011-01-01 03:00:00       1        0           0        1  9.84  14.395   \n",
       "4  2011-01-01 04:00:00       1        0           0        1  9.84  14.395   \n",
       "\n",
       "   humidity  windspeed  casual  registered  count  \n",
       "0        81        0.0       3          13     16  \n",
       "1        80        0.0       8          32     40  \n",
       "2        80        0.0       5          27     32  \n",
       "3        75        0.0       3          10     13  \n",
       "4        75        0.0       0           1      1  "
      ]
     },
     "execution_count": 3,
     "metadata": {},
     "output_type": "execute_result"
    }
   ],
   "source": [
    "# 看一看训练数据集和测试数据集\n",
    "train_data.head()"
   ]
  },
  {
   "cell_type": "code",
   "execution_count": 4,
   "metadata": {},
   "outputs": [],
   "source": [
    "# test_data.head()"
   ]
  },
  {
   "cell_type": "code",
   "execution_count": 5,
   "metadata": {},
   "outputs": [],
   "source": [
    "# 居然没有缺失值\n",
    "# train_data.info() # 10886 条数据均无缺失值\n",
    "# test_data.info() # 6493 条数据均无缺失值"
   ]
  },
  {
   "cell_type": "code",
   "execution_count": 6,
   "metadata": {},
   "outputs": [
    {
     "data": {
      "text/html": [
       "<div>\n",
       "<style scoped>\n",
       "    .dataframe tbody tr th:only-of-type {\n",
       "        vertical-align: middle;\n",
       "    }\n",
       "\n",
       "    .dataframe tbody tr th {\n",
       "        vertical-align: top;\n",
       "    }\n",
       "\n",
       "    .dataframe thead th {\n",
       "        text-align: right;\n",
       "    }\n",
       "</style>\n",
       "<table border=\"1\" class=\"dataframe\">\n",
       "  <thead>\n",
       "    <tr style=\"text-align: right;\">\n",
       "      <th></th>\n",
       "      <th>season</th>\n",
       "      <th>holiday</th>\n",
       "      <th>workingday</th>\n",
       "      <th>weather</th>\n",
       "      <th>temp</th>\n",
       "      <th>atemp</th>\n",
       "      <th>humidity</th>\n",
       "      <th>windspeed</th>\n",
       "      <th>casual</th>\n",
       "      <th>registered</th>\n",
       "      <th>count</th>\n",
       "    </tr>\n",
       "  </thead>\n",
       "  <tbody>\n",
       "    <tr>\n",
       "      <th>count</th>\n",
       "      <td>10886.000000</td>\n",
       "      <td>10886.000000</td>\n",
       "      <td>10886.000000</td>\n",
       "      <td>10886.000000</td>\n",
       "      <td>10886.00000</td>\n",
       "      <td>10886.000000</td>\n",
       "      <td>10886.000000</td>\n",
       "      <td>10886.000000</td>\n",
       "      <td>10886.000000</td>\n",
       "      <td>10886.000000</td>\n",
       "      <td>10886.000000</td>\n",
       "    </tr>\n",
       "    <tr>\n",
       "      <th>mean</th>\n",
       "      <td>2.506614</td>\n",
       "      <td>0.028569</td>\n",
       "      <td>0.680875</td>\n",
       "      <td>1.418427</td>\n",
       "      <td>20.23086</td>\n",
       "      <td>23.655084</td>\n",
       "      <td>61.886460</td>\n",
       "      <td>12.799395</td>\n",
       "      <td>36.021955</td>\n",
       "      <td>155.552177</td>\n",
       "      <td>191.574132</td>\n",
       "    </tr>\n",
       "    <tr>\n",
       "      <th>std</th>\n",
       "      <td>1.116174</td>\n",
       "      <td>0.166599</td>\n",
       "      <td>0.466159</td>\n",
       "      <td>0.633839</td>\n",
       "      <td>7.79159</td>\n",
       "      <td>8.474601</td>\n",
       "      <td>19.245033</td>\n",
       "      <td>8.164537</td>\n",
       "      <td>49.960477</td>\n",
       "      <td>151.039033</td>\n",
       "      <td>181.144454</td>\n",
       "    </tr>\n",
       "    <tr>\n",
       "      <th>min</th>\n",
       "      <td>1.000000</td>\n",
       "      <td>0.000000</td>\n",
       "      <td>0.000000</td>\n",
       "      <td>1.000000</td>\n",
       "      <td>0.82000</td>\n",
       "      <td>0.760000</td>\n",
       "      <td>0.000000</td>\n",
       "      <td>0.000000</td>\n",
       "      <td>0.000000</td>\n",
       "      <td>0.000000</td>\n",
       "      <td>1.000000</td>\n",
       "    </tr>\n",
       "    <tr>\n",
       "      <th>25%</th>\n",
       "      <td>2.000000</td>\n",
       "      <td>0.000000</td>\n",
       "      <td>0.000000</td>\n",
       "      <td>1.000000</td>\n",
       "      <td>13.94000</td>\n",
       "      <td>16.665000</td>\n",
       "      <td>47.000000</td>\n",
       "      <td>7.001500</td>\n",
       "      <td>4.000000</td>\n",
       "      <td>36.000000</td>\n",
       "      <td>42.000000</td>\n",
       "    </tr>\n",
       "    <tr>\n",
       "      <th>50%</th>\n",
       "      <td>3.000000</td>\n",
       "      <td>0.000000</td>\n",
       "      <td>1.000000</td>\n",
       "      <td>1.000000</td>\n",
       "      <td>20.50000</td>\n",
       "      <td>24.240000</td>\n",
       "      <td>62.000000</td>\n",
       "      <td>12.998000</td>\n",
       "      <td>17.000000</td>\n",
       "      <td>118.000000</td>\n",
       "      <td>145.000000</td>\n",
       "    </tr>\n",
       "    <tr>\n",
       "      <th>75%</th>\n",
       "      <td>4.000000</td>\n",
       "      <td>0.000000</td>\n",
       "      <td>1.000000</td>\n",
       "      <td>2.000000</td>\n",
       "      <td>26.24000</td>\n",
       "      <td>31.060000</td>\n",
       "      <td>77.000000</td>\n",
       "      <td>16.997900</td>\n",
       "      <td>49.000000</td>\n",
       "      <td>222.000000</td>\n",
       "      <td>284.000000</td>\n",
       "    </tr>\n",
       "    <tr>\n",
       "      <th>max</th>\n",
       "      <td>4.000000</td>\n",
       "      <td>1.000000</td>\n",
       "      <td>1.000000</td>\n",
       "      <td>4.000000</td>\n",
       "      <td>41.00000</td>\n",
       "      <td>45.455000</td>\n",
       "      <td>100.000000</td>\n",
       "      <td>56.996900</td>\n",
       "      <td>367.000000</td>\n",
       "      <td>886.000000</td>\n",
       "      <td>977.000000</td>\n",
       "    </tr>\n",
       "  </tbody>\n",
       "</table>\n",
       "</div>"
      ],
      "text/plain": [
       "             season       holiday    workingday       weather         temp  \\\n",
       "count  10886.000000  10886.000000  10886.000000  10886.000000  10886.00000   \n",
       "mean       2.506614      0.028569      0.680875      1.418427     20.23086   \n",
       "std        1.116174      0.166599      0.466159      0.633839      7.79159   \n",
       "min        1.000000      0.000000      0.000000      1.000000      0.82000   \n",
       "25%        2.000000      0.000000      0.000000      1.000000     13.94000   \n",
       "50%        3.000000      0.000000      1.000000      1.000000     20.50000   \n",
       "75%        4.000000      0.000000      1.000000      2.000000     26.24000   \n",
       "max        4.000000      1.000000      1.000000      4.000000     41.00000   \n",
       "\n",
       "              atemp      humidity     windspeed        casual    registered  \\\n",
       "count  10886.000000  10886.000000  10886.000000  10886.000000  10886.000000   \n",
       "mean      23.655084     61.886460     12.799395     36.021955    155.552177   \n",
       "std        8.474601     19.245033      8.164537     49.960477    151.039033   \n",
       "min        0.760000      0.000000      0.000000      0.000000      0.000000   \n",
       "25%       16.665000     47.000000      7.001500      4.000000     36.000000   \n",
       "50%       24.240000     62.000000     12.998000     17.000000    118.000000   \n",
       "75%       31.060000     77.000000     16.997900     49.000000    222.000000   \n",
       "max       45.455000    100.000000     56.996900    367.000000    886.000000   \n",
       "\n",
       "              count  \n",
       "count  10886.000000  \n",
       "mean     191.574132  \n",
       "std      181.144454  \n",
       "min        1.000000  \n",
       "25%       42.000000  \n",
       "50%      145.000000  \n",
       "75%      284.000000  \n",
       "max      977.000000  "
      ]
     },
     "execution_count": 6,
     "metadata": {},
     "output_type": "execute_result"
    }
   ],
   "source": [
    "train_data.describe()"
   ]
  },
  {
   "cell_type": "code",
   "execution_count": 7,
   "metadata": {},
   "outputs": [
    {
     "name": "stderr",
     "output_type": "stream",
     "text": [
      "/Users/liwei/anaconda3/envs/ipykernel_py3/lib/python3.6/site-packages/pandas/core/frame.py:6211: FutureWarning: Sorting because non-concatenation axis is not aligned. A future version\n",
      "of pandas will change to not sort by default.\n",
      "\n",
      "To accept the future behavior, pass 'sort=False'.\n",
      "\n",
      "To retain the current behavior and silence the warning, pass 'sort=True'.\n",
      "\n",
      "  sort=sort)\n"
     ]
    }
   ],
   "source": [
    "# 合并训练数据集与测试数据集，以便一起做特征处理，\n",
    "# 比赛题目可以这么做，真实项目是没有测试数据集的\n",
    "data_all = train_data.append(test_data)\n",
    "# data_all"
   ]
  },
  {
   "cell_type": "code",
   "execution_count": 8,
   "metadata": {},
   "outputs": [],
   "source": [
    "data_all['year'] = data_all['datetime'].map(\n",
    "    lambda x: x.split()[0].split('-')[0]).astype(np.int32)\n",
    "data_all['month'] = data_all['datetime'].map(\n",
    "    lambda x: x.split()[0].split('-')[1]).astype(np.int32)\n",
    "data_all['day'] = data_all['datetime'].map(\n",
    "    lambda x: x.split()[0].split('-')[2]).astype(np.int32)\n",
    "data_all['hour'] = data_all['datetime'].map(\n",
    "    lambda x: x.split()[1].split(':')[0]).astype(np.int32)\n",
    "\n",
    "# data_all"
   ]
  },
  {
   "cell_type": "code",
   "execution_count": 9,
   "metadata": {},
   "outputs": [],
   "source": [
    "# \n",
    "data_all['date'] = data_all['datetime'].map(lambda x: x.split()[0])"
   ]
  },
  {
   "cell_type": "code",
   "execution_count": 10,
   "metadata": {},
   "outputs": [],
   "source": [
    "# data_all['date']"
   ]
  },
  {
   "cell_type": "code",
   "execution_count": 11,
   "metadata": {},
   "outputs": [],
   "source": [
    "# 得到这一天是星期几\n",
    "data_all['weekday'] = pd.to_datetime(data_all['date']).dt.weekday_name.map({'Monday':1,'Tuesday':2,'Wednesday':3,\n",
    "                                         'Thursday':4,'Friday':5,'Saturday':6,'Sunday':7})"
   ]
  },
  {
   "cell_type": "code",
   "execution_count": 12,
   "metadata": {},
   "outputs": [
    {
     "data": {
      "text/html": [
       "<div>\n",
       "<style scoped>\n",
       "    .dataframe tbody tr th:only-of-type {\n",
       "        vertical-align: middle;\n",
       "    }\n",
       "\n",
       "    .dataframe tbody tr th {\n",
       "        vertical-align: top;\n",
       "    }\n",
       "\n",
       "    .dataframe thead th {\n",
       "        text-align: right;\n",
       "    }\n",
       "</style>\n",
       "<table border=\"1\" class=\"dataframe\">\n",
       "  <thead>\n",
       "    <tr style=\"text-align: right;\">\n",
       "      <th></th>\n",
       "      <th>atemp</th>\n",
       "      <th>casual</th>\n",
       "      <th>count</th>\n",
       "      <th>holiday</th>\n",
       "      <th>humidity</th>\n",
       "      <th>registered</th>\n",
       "      <th>season</th>\n",
       "      <th>temp</th>\n",
       "      <th>weather</th>\n",
       "      <th>windspeed</th>\n",
       "      <th>workingday</th>\n",
       "      <th>year</th>\n",
       "      <th>month</th>\n",
       "      <th>day</th>\n",
       "      <th>hour</th>\n",
       "      <th>date</th>\n",
       "      <th>weekday</th>\n",
       "    </tr>\n",
       "  </thead>\n",
       "  <tbody>\n",
       "    <tr>\n",
       "      <th>0</th>\n",
       "      <td>14.395</td>\n",
       "      <td>3.0</td>\n",
       "      <td>16.0</td>\n",
       "      <td>0</td>\n",
       "      <td>81</td>\n",
       "      <td>13.0</td>\n",
       "      <td>1</td>\n",
       "      <td>9.84</td>\n",
       "      <td>1</td>\n",
       "      <td>0.0</td>\n",
       "      <td>0</td>\n",
       "      <td>2011</td>\n",
       "      <td>1</td>\n",
       "      <td>1</td>\n",
       "      <td>0</td>\n",
       "      <td>2011-01-01</td>\n",
       "      <td>6</td>\n",
       "    </tr>\n",
       "    <tr>\n",
       "      <th>1</th>\n",
       "      <td>13.635</td>\n",
       "      <td>8.0</td>\n",
       "      <td>40.0</td>\n",
       "      <td>0</td>\n",
       "      <td>80</td>\n",
       "      <td>32.0</td>\n",
       "      <td>1</td>\n",
       "      <td>9.02</td>\n",
       "      <td>1</td>\n",
       "      <td>0.0</td>\n",
       "      <td>0</td>\n",
       "      <td>2011</td>\n",
       "      <td>1</td>\n",
       "      <td>1</td>\n",
       "      <td>1</td>\n",
       "      <td>2011-01-01</td>\n",
       "      <td>6</td>\n",
       "    </tr>\n",
       "    <tr>\n",
       "      <th>2</th>\n",
       "      <td>13.635</td>\n",
       "      <td>5.0</td>\n",
       "      <td>32.0</td>\n",
       "      <td>0</td>\n",
       "      <td>80</td>\n",
       "      <td>27.0</td>\n",
       "      <td>1</td>\n",
       "      <td>9.02</td>\n",
       "      <td>1</td>\n",
       "      <td>0.0</td>\n",
       "      <td>0</td>\n",
       "      <td>2011</td>\n",
       "      <td>1</td>\n",
       "      <td>1</td>\n",
       "      <td>2</td>\n",
       "      <td>2011-01-01</td>\n",
       "      <td>6</td>\n",
       "    </tr>\n",
       "    <tr>\n",
       "      <th>3</th>\n",
       "      <td>14.395</td>\n",
       "      <td>3.0</td>\n",
       "      <td>13.0</td>\n",
       "      <td>0</td>\n",
       "      <td>75</td>\n",
       "      <td>10.0</td>\n",
       "      <td>1</td>\n",
       "      <td>9.84</td>\n",
       "      <td>1</td>\n",
       "      <td>0.0</td>\n",
       "      <td>0</td>\n",
       "      <td>2011</td>\n",
       "      <td>1</td>\n",
       "      <td>1</td>\n",
       "      <td>3</td>\n",
       "      <td>2011-01-01</td>\n",
       "      <td>6</td>\n",
       "    </tr>\n",
       "    <tr>\n",
       "      <th>4</th>\n",
       "      <td>14.395</td>\n",
       "      <td>0.0</td>\n",
       "      <td>1.0</td>\n",
       "      <td>0</td>\n",
       "      <td>75</td>\n",
       "      <td>1.0</td>\n",
       "      <td>1</td>\n",
       "      <td>9.84</td>\n",
       "      <td>1</td>\n",
       "      <td>0.0</td>\n",
       "      <td>0</td>\n",
       "      <td>2011</td>\n",
       "      <td>1</td>\n",
       "      <td>1</td>\n",
       "      <td>4</td>\n",
       "      <td>2011-01-01</td>\n",
       "      <td>6</td>\n",
       "    </tr>\n",
       "  </tbody>\n",
       "</table>\n",
       "</div>"
      ],
      "text/plain": [
       "    atemp  casual  count  holiday  humidity  registered  season  temp  \\\n",
       "0  14.395     3.0   16.0        0        81        13.0       1  9.84   \n",
       "1  13.635     8.0   40.0        0        80        32.0       1  9.02   \n",
       "2  13.635     5.0   32.0        0        80        27.0       1  9.02   \n",
       "3  14.395     3.0   13.0        0        75        10.0       1  9.84   \n",
       "4  14.395     0.0    1.0        0        75         1.0       1  9.84   \n",
       "\n",
       "   weather  windspeed  workingday  year  month  day  hour        date  weekday  \n",
       "0        1        0.0           0  2011      1    1     0  2011-01-01        6  \n",
       "1        1        0.0           0  2011      1    1     1  2011-01-01        6  \n",
       "2        1        0.0           0  2011      1    1     2  2011-01-01        6  \n",
       "3        1        0.0           0  2011      1    1     3  2011-01-01        6  \n",
       "4        1        0.0           0  2011      1    1     4  2011-01-01        6  "
      ]
     },
     "execution_count": 12,
     "metadata": {},
     "output_type": "execute_result"
    }
   ],
   "source": [
    "# 把原始的 datetime 字段去掉\n",
    "data_all = data_all.drop('datetime', axis=1)\n",
    "data_all.head()"
   ]
  },
  {
   "cell_type": "code",
   "execution_count": 13,
   "metadata": {},
   "outputs": [],
   "source": [
    "# 按照如下顺序，重排特征列\n",
    "cols = ['year', 'month', 'day', 'weekday', 'hour', 'season', 'holiday', 'workingday', 'weather', 'temp', 'atemp',\n",
    "        'humidity', 'windspeed', 'casual', 'registered', 'count']\n",
    "\n",
    "data_all = data_all.reindex(columns=cols)\n",
    "# data_all[cols] 这样写也行\n",
    "# data_all.loc[:, cols] 这样写也行"
   ]
  },
  {
   "cell_type": "code",
   "execution_count": 14,
   "metadata": {},
   "outputs": [],
   "source": [
    "# 接下来分离训练数据集与测试数据集\n",
    "train = data_all.iloc[:train_data.shape[0]]\n",
    "test = data_all.iloc[train_data.shape[0]:]"
   ]
  },
  {
   "cell_type": "markdown",
   "metadata": {},
   "source": [
    "特征工作告一段落，真的是很简单的特征工程了。"
   ]
  },
  {
   "cell_type": "code",
   "execution_count": 18,
   "metadata": {},
   "outputs": [
    {
     "data": {
      "text/html": [
       "<div>\n",
       "<style scoped>\n",
       "    .dataframe tbody tr th:only-of-type {\n",
       "        vertical-align: middle;\n",
       "    }\n",
       "\n",
       "    .dataframe tbody tr th {\n",
       "        vertical-align: top;\n",
       "    }\n",
       "\n",
       "    .dataframe thead th {\n",
       "        text-align: right;\n",
       "    }\n",
       "</style>\n",
       "<table border=\"1\" class=\"dataframe\">\n",
       "  <thead>\n",
       "    <tr style=\"text-align: right;\">\n",
       "      <th></th>\n",
       "      <th>year</th>\n",
       "      <th>month</th>\n",
       "      <th>day</th>\n",
       "      <th>weekday</th>\n",
       "      <th>hour</th>\n",
       "      <th>season</th>\n",
       "      <th>holiday</th>\n",
       "      <th>workingday</th>\n",
       "      <th>weather</th>\n",
       "      <th>temp</th>\n",
       "      <th>atemp</th>\n",
       "      <th>humidity</th>\n",
       "      <th>windspeed</th>\n",
       "      <th>casual</th>\n",
       "      <th>registered</th>\n",
       "      <th>count</th>\n",
       "    </tr>\n",
       "  </thead>\n",
       "  <tbody>\n",
       "    <tr>\n",
       "      <th>year</th>\n",
       "      <td>1.000000</td>\n",
       "      <td>-0.004932</td>\n",
       "      <td>0.001800</td>\n",
       "      <td>-0.003785</td>\n",
       "      <td>-0.004234</td>\n",
       "      <td>-0.004797</td>\n",
       "      <td>0.012021</td>\n",
       "      <td>-0.002482</td>\n",
       "      <td>-0.012548</td>\n",
       "      <td>0.061226</td>\n",
       "      <td>0.058540</td>\n",
       "      <td>-0.078606</td>\n",
       "      <td>-0.015221</td>\n",
       "      <td>0.145241</td>\n",
       "      <td>0.264265</td>\n",
       "      <td>0.260403</td>\n",
       "    </tr>\n",
       "    <tr>\n",
       "      <th>month</th>\n",
       "      <td>-0.004932</td>\n",
       "      <td>1.000000</td>\n",
       "      <td>0.001974</td>\n",
       "      <td>-0.002266</td>\n",
       "      <td>-0.006818</td>\n",
       "      <td>0.971524</td>\n",
       "      <td>0.001731</td>\n",
       "      <td>-0.003394</td>\n",
       "      <td>0.012144</td>\n",
       "      <td>0.257589</td>\n",
       "      <td>0.264173</td>\n",
       "      <td>0.204537</td>\n",
       "      <td>-0.150192</td>\n",
       "      <td>0.092722</td>\n",
       "      <td>0.169451</td>\n",
       "      <td>0.166862</td>\n",
       "    </tr>\n",
       "    <tr>\n",
       "      <th>day</th>\n",
       "      <td>0.001800</td>\n",
       "      <td>0.001974</td>\n",
       "      <td>1.000000</td>\n",
       "      <td>-0.011070</td>\n",
       "      <td>0.001132</td>\n",
       "      <td>0.001729</td>\n",
       "      <td>-0.015877</td>\n",
       "      <td>0.009829</td>\n",
       "      <td>-0.007890</td>\n",
       "      <td>0.015551</td>\n",
       "      <td>0.011866</td>\n",
       "      <td>-0.011335</td>\n",
       "      <td>0.036157</td>\n",
       "      <td>0.014109</td>\n",
       "      <td>0.019111</td>\n",
       "      <td>0.019826</td>\n",
       "    </tr>\n",
       "    <tr>\n",
       "      <th>weekday</th>\n",
       "      <td>-0.003785</td>\n",
       "      <td>-0.002266</td>\n",
       "      <td>-0.011070</td>\n",
       "      <td>1.000000</td>\n",
       "      <td>-0.002925</td>\n",
       "      <td>-0.010553</td>\n",
       "      <td>-0.191832</td>\n",
       "      <td>-0.704267</td>\n",
       "      <td>-0.047692</td>\n",
       "      <td>-0.038466</td>\n",
       "      <td>-0.040235</td>\n",
       "      <td>-0.026507</td>\n",
       "      <td>-0.024804</td>\n",
       "      <td>0.246959</td>\n",
       "      <td>-0.084427</td>\n",
       "      <td>-0.002283</td>\n",
       "    </tr>\n",
       "    <tr>\n",
       "      <th>hour</th>\n",
       "      <td>-0.004234</td>\n",
       "      <td>-0.006818</td>\n",
       "      <td>0.001132</td>\n",
       "      <td>-0.002925</td>\n",
       "      <td>1.000000</td>\n",
       "      <td>-0.006546</td>\n",
       "      <td>-0.000354</td>\n",
       "      <td>0.002780</td>\n",
       "      <td>-0.022740</td>\n",
       "      <td>0.145430</td>\n",
       "      <td>0.140343</td>\n",
       "      <td>-0.278011</td>\n",
       "      <td>0.146631</td>\n",
       "      <td>0.302045</td>\n",
       "      <td>0.380540</td>\n",
       "      <td>0.400601</td>\n",
       "    </tr>\n",
       "    <tr>\n",
       "      <th>season</th>\n",
       "      <td>-0.004797</td>\n",
       "      <td>0.971524</td>\n",
       "      <td>0.001729</td>\n",
       "      <td>-0.010553</td>\n",
       "      <td>-0.006546</td>\n",
       "      <td>1.000000</td>\n",
       "      <td>0.029368</td>\n",
       "      <td>-0.008126</td>\n",
       "      <td>0.008879</td>\n",
       "      <td>0.258689</td>\n",
       "      <td>0.264744</td>\n",
       "      <td>0.190610</td>\n",
       "      <td>-0.147121</td>\n",
       "      <td>0.096758</td>\n",
       "      <td>0.164011</td>\n",
       "      <td>0.163439</td>\n",
       "    </tr>\n",
       "    <tr>\n",
       "      <th>holiday</th>\n",
       "      <td>0.012021</td>\n",
       "      <td>0.001731</td>\n",
       "      <td>-0.015877</td>\n",
       "      <td>-0.191832</td>\n",
       "      <td>-0.000354</td>\n",
       "      <td>0.029368</td>\n",
       "      <td>1.000000</td>\n",
       "      <td>-0.250491</td>\n",
       "      <td>-0.007074</td>\n",
       "      <td>0.000295</td>\n",
       "      <td>-0.005215</td>\n",
       "      <td>0.001929</td>\n",
       "      <td>0.008409</td>\n",
       "      <td>0.043799</td>\n",
       "      <td>-0.020956</td>\n",
       "      <td>-0.005393</td>\n",
       "    </tr>\n",
       "    <tr>\n",
       "      <th>workingday</th>\n",
       "      <td>-0.002482</td>\n",
       "      <td>-0.003394</td>\n",
       "      <td>0.009829</td>\n",
       "      <td>-0.704267</td>\n",
       "      <td>0.002780</td>\n",
       "      <td>-0.008126</td>\n",
       "      <td>-0.250491</td>\n",
       "      <td>1.000000</td>\n",
       "      <td>0.033772</td>\n",
       "      <td>0.029966</td>\n",
       "      <td>0.024660</td>\n",
       "      <td>-0.010880</td>\n",
       "      <td>0.013373</td>\n",
       "      <td>-0.319111</td>\n",
       "      <td>0.119460</td>\n",
       "      <td>0.011594</td>\n",
       "    </tr>\n",
       "    <tr>\n",
       "      <th>weather</th>\n",
       "      <td>-0.012548</td>\n",
       "      <td>0.012144</td>\n",
       "      <td>-0.007890</td>\n",
       "      <td>-0.047692</td>\n",
       "      <td>-0.022740</td>\n",
       "      <td>0.008879</td>\n",
       "      <td>-0.007074</td>\n",
       "      <td>0.033772</td>\n",
       "      <td>1.000000</td>\n",
       "      <td>-0.055035</td>\n",
       "      <td>-0.055376</td>\n",
       "      <td>0.406244</td>\n",
       "      <td>0.007261</td>\n",
       "      <td>-0.135918</td>\n",
       "      <td>-0.109340</td>\n",
       "      <td>-0.128655</td>\n",
       "    </tr>\n",
       "    <tr>\n",
       "      <th>temp</th>\n",
       "      <td>0.061226</td>\n",
       "      <td>0.257589</td>\n",
       "      <td>0.015551</td>\n",
       "      <td>-0.038466</td>\n",
       "      <td>0.145430</td>\n",
       "      <td>0.258689</td>\n",
       "      <td>0.000295</td>\n",
       "      <td>0.029966</td>\n",
       "      <td>-0.055035</td>\n",
       "      <td>1.000000</td>\n",
       "      <td>0.984948</td>\n",
       "      <td>-0.064949</td>\n",
       "      <td>-0.017852</td>\n",
       "      <td>0.467097</td>\n",
       "      <td>0.318571</td>\n",
       "      <td>0.394454</td>\n",
       "    </tr>\n",
       "    <tr>\n",
       "      <th>atemp</th>\n",
       "      <td>0.058540</td>\n",
       "      <td>0.264173</td>\n",
       "      <td>0.011866</td>\n",
       "      <td>-0.040235</td>\n",
       "      <td>0.140343</td>\n",
       "      <td>0.264744</td>\n",
       "      <td>-0.005215</td>\n",
       "      <td>0.024660</td>\n",
       "      <td>-0.055376</td>\n",
       "      <td>0.984948</td>\n",
       "      <td>1.000000</td>\n",
       "      <td>-0.043536</td>\n",
       "      <td>-0.057473</td>\n",
       "      <td>0.462067</td>\n",
       "      <td>0.314635</td>\n",
       "      <td>0.389784</td>\n",
       "    </tr>\n",
       "    <tr>\n",
       "      <th>humidity</th>\n",
       "      <td>-0.078606</td>\n",
       "      <td>0.204537</td>\n",
       "      <td>-0.011335</td>\n",
       "      <td>-0.026507</td>\n",
       "      <td>-0.278011</td>\n",
       "      <td>0.190610</td>\n",
       "      <td>0.001929</td>\n",
       "      <td>-0.010880</td>\n",
       "      <td>0.406244</td>\n",
       "      <td>-0.064949</td>\n",
       "      <td>-0.043536</td>\n",
       "      <td>1.000000</td>\n",
       "      <td>-0.318607</td>\n",
       "      <td>-0.348187</td>\n",
       "      <td>-0.265458</td>\n",
       "      <td>-0.317371</td>\n",
       "    </tr>\n",
       "    <tr>\n",
       "      <th>windspeed</th>\n",
       "      <td>-0.015221</td>\n",
       "      <td>-0.150192</td>\n",
       "      <td>0.036157</td>\n",
       "      <td>-0.024804</td>\n",
       "      <td>0.146631</td>\n",
       "      <td>-0.147121</td>\n",
       "      <td>0.008409</td>\n",
       "      <td>0.013373</td>\n",
       "      <td>0.007261</td>\n",
       "      <td>-0.017852</td>\n",
       "      <td>-0.057473</td>\n",
       "      <td>-0.318607</td>\n",
       "      <td>1.000000</td>\n",
       "      <td>0.092276</td>\n",
       "      <td>0.091052</td>\n",
       "      <td>0.101369</td>\n",
       "    </tr>\n",
       "    <tr>\n",
       "      <th>casual</th>\n",
       "      <td>0.145241</td>\n",
       "      <td>0.092722</td>\n",
       "      <td>0.014109</td>\n",
       "      <td>0.246959</td>\n",
       "      <td>0.302045</td>\n",
       "      <td>0.096758</td>\n",
       "      <td>0.043799</td>\n",
       "      <td>-0.319111</td>\n",
       "      <td>-0.135918</td>\n",
       "      <td>0.467097</td>\n",
       "      <td>0.462067</td>\n",
       "      <td>-0.348187</td>\n",
       "      <td>0.092276</td>\n",
       "      <td>1.000000</td>\n",
       "      <td>0.497250</td>\n",
       "      <td>0.690414</td>\n",
       "    </tr>\n",
       "    <tr>\n",
       "      <th>registered</th>\n",
       "      <td>0.264265</td>\n",
       "      <td>0.169451</td>\n",
       "      <td>0.019111</td>\n",
       "      <td>-0.084427</td>\n",
       "      <td>0.380540</td>\n",
       "      <td>0.164011</td>\n",
       "      <td>-0.020956</td>\n",
       "      <td>0.119460</td>\n",
       "      <td>-0.109340</td>\n",
       "      <td>0.318571</td>\n",
       "      <td>0.314635</td>\n",
       "      <td>-0.265458</td>\n",
       "      <td>0.091052</td>\n",
       "      <td>0.497250</td>\n",
       "      <td>1.000000</td>\n",
       "      <td>0.970948</td>\n",
       "    </tr>\n",
       "    <tr>\n",
       "      <th>count</th>\n",
       "      <td>0.260403</td>\n",
       "      <td>0.166862</td>\n",
       "      <td>0.019826</td>\n",
       "      <td>-0.002283</td>\n",
       "      <td>0.400601</td>\n",
       "      <td>0.163439</td>\n",
       "      <td>-0.005393</td>\n",
       "      <td>0.011594</td>\n",
       "      <td>-0.128655</td>\n",
       "      <td>0.394454</td>\n",
       "      <td>0.389784</td>\n",
       "      <td>-0.317371</td>\n",
       "      <td>0.101369</td>\n",
       "      <td>0.690414</td>\n",
       "      <td>0.970948</td>\n",
       "      <td>1.000000</td>\n",
       "    </tr>\n",
       "  </tbody>\n",
       "</table>\n",
       "</div>"
      ],
      "text/plain": [
       "                year     month       day   weekday      hour    season  \\\n",
       "year        1.000000 -0.004932  0.001800 -0.003785 -0.004234 -0.004797   \n",
       "month      -0.004932  1.000000  0.001974 -0.002266 -0.006818  0.971524   \n",
       "day         0.001800  0.001974  1.000000 -0.011070  0.001132  0.001729   \n",
       "weekday    -0.003785 -0.002266 -0.011070  1.000000 -0.002925 -0.010553   \n",
       "hour       -0.004234 -0.006818  0.001132 -0.002925  1.000000 -0.006546   \n",
       "season     -0.004797  0.971524  0.001729 -0.010553 -0.006546  1.000000   \n",
       "holiday     0.012021  0.001731 -0.015877 -0.191832 -0.000354  0.029368   \n",
       "workingday -0.002482 -0.003394  0.009829 -0.704267  0.002780 -0.008126   \n",
       "weather    -0.012548  0.012144 -0.007890 -0.047692 -0.022740  0.008879   \n",
       "temp        0.061226  0.257589  0.015551 -0.038466  0.145430  0.258689   \n",
       "atemp       0.058540  0.264173  0.011866 -0.040235  0.140343  0.264744   \n",
       "humidity   -0.078606  0.204537 -0.011335 -0.026507 -0.278011  0.190610   \n",
       "windspeed  -0.015221 -0.150192  0.036157 -0.024804  0.146631 -0.147121   \n",
       "casual      0.145241  0.092722  0.014109  0.246959  0.302045  0.096758   \n",
       "registered  0.264265  0.169451  0.019111 -0.084427  0.380540  0.164011   \n",
       "count       0.260403  0.166862  0.019826 -0.002283  0.400601  0.163439   \n",
       "\n",
       "             holiday  workingday   weather      temp     atemp  humidity  \\\n",
       "year        0.012021   -0.002482 -0.012548  0.061226  0.058540 -0.078606   \n",
       "month       0.001731   -0.003394  0.012144  0.257589  0.264173  0.204537   \n",
       "day        -0.015877    0.009829 -0.007890  0.015551  0.011866 -0.011335   \n",
       "weekday    -0.191832   -0.704267 -0.047692 -0.038466 -0.040235 -0.026507   \n",
       "hour       -0.000354    0.002780 -0.022740  0.145430  0.140343 -0.278011   \n",
       "season      0.029368   -0.008126  0.008879  0.258689  0.264744  0.190610   \n",
       "holiday     1.000000   -0.250491 -0.007074  0.000295 -0.005215  0.001929   \n",
       "workingday -0.250491    1.000000  0.033772  0.029966  0.024660 -0.010880   \n",
       "weather    -0.007074    0.033772  1.000000 -0.055035 -0.055376  0.406244   \n",
       "temp        0.000295    0.029966 -0.055035  1.000000  0.984948 -0.064949   \n",
       "atemp      -0.005215    0.024660 -0.055376  0.984948  1.000000 -0.043536   \n",
       "humidity    0.001929   -0.010880  0.406244 -0.064949 -0.043536  1.000000   \n",
       "windspeed   0.008409    0.013373  0.007261 -0.017852 -0.057473 -0.318607   \n",
       "casual      0.043799   -0.319111 -0.135918  0.467097  0.462067 -0.348187   \n",
       "registered -0.020956    0.119460 -0.109340  0.318571  0.314635 -0.265458   \n",
       "count      -0.005393    0.011594 -0.128655  0.394454  0.389784 -0.317371   \n",
       "\n",
       "            windspeed    casual  registered     count  \n",
       "year        -0.015221  0.145241    0.264265  0.260403  \n",
       "month       -0.150192  0.092722    0.169451  0.166862  \n",
       "day          0.036157  0.014109    0.019111  0.019826  \n",
       "weekday     -0.024804  0.246959   -0.084427 -0.002283  \n",
       "hour         0.146631  0.302045    0.380540  0.400601  \n",
       "season      -0.147121  0.096758    0.164011  0.163439  \n",
       "holiday      0.008409  0.043799   -0.020956 -0.005393  \n",
       "workingday   0.013373 -0.319111    0.119460  0.011594  \n",
       "weather      0.007261 -0.135918   -0.109340 -0.128655  \n",
       "temp        -0.017852  0.467097    0.318571  0.394454  \n",
       "atemp       -0.057473  0.462067    0.314635  0.389784  \n",
       "humidity    -0.318607 -0.348187   -0.265458 -0.317371  \n",
       "windspeed    1.000000  0.092276    0.091052  0.101369  \n",
       "casual       0.092276  1.000000    0.497250  0.690414  \n",
       "registered   0.091052  0.497250    1.000000  0.970948  \n",
       "count        0.101369  0.690414    0.970948  1.000000  "
      ]
     },
     "execution_count": 18,
     "metadata": {},
     "output_type": "execute_result"
    }
   ],
   "source": [
    "correlation = train.corr()\n",
    "correlation"
   ]
  },
  {
   "cell_type": "code",
   "execution_count": 19,
   "metadata": {},
   "outputs": [
    {
     "data": {
      "text/plain": [
       "count         1.000000\n",
       "registered    0.970948\n",
       "casual        0.690414\n",
       "hour          0.400601\n",
       "temp          0.394454\n",
       "atemp         0.389784\n",
       "year          0.260403\n",
       "month         0.166862\n",
       "season        0.163439\n",
       "windspeed     0.101369\n",
       "day           0.019826\n",
       "workingday    0.011594\n",
       "weekday      -0.002283\n",
       "holiday      -0.005393\n",
       "weather      -0.128655\n",
       "humidity     -0.317371\n",
       "Name: count, dtype: float64"
      ]
     },
     "execution_count": 19,
     "metadata": {},
     "output_type": "execute_result"
    }
   ],
   "source": [
    "# 和最终预测变量 “count” 相关的变量的相关系数，按照降序排序\n",
    "influence_order = correlation['count'].sort_values(ascending=False)\n",
    "influence_order"
   ]
  },
  {
   "cell_type": "code",
   "execution_count": 21,
   "metadata": {},
   "outputs": [
    {
     "data": {
      "text/plain": [
       "count         1.000000\n",
       "registered    0.970948\n",
       "casual        0.690414\n",
       "hour          0.400601\n",
       "temp          0.394454\n",
       "atemp         0.389784\n",
       "humidity      0.317371\n",
       "year          0.260403\n",
       "month         0.166862\n",
       "season        0.163439\n",
       "weather       0.128655\n",
       "windspeed     0.101369\n",
       "day           0.019826\n",
